21.3333 1-seqq1 1 0.370079;
26.6667 1-seqq1 1 0.346457;
102.667 1-seqq1 1 0.330709;
0 1-seqq1 1 0.322835;
0 1-seqq1 1 0.299213;
0 1-seqq1 1 0.291339;
41.3333 1-seqq1 1 0.267717;
26.6667 1-seqq1 1 0.259843;
21.3333 1-seqq1 1 0.251969;
22.6667 1-seqq1 1 0.244094;
26.6667 1-seqq1 1 0.23622;
22.6667 1-seqq1 1 0.220472;
26.6667 1-seqq1 1 0.204724;
22.6667 1-seqq1 1 0.19685;
21.3333 1-seqq1 1 0.188976;
28 1-seqq1 1 0.173228;
20 1-seqq1 1 0.165354;
26.6667 1-seqq1 1 0.15748;
22.6667 1-seqq1 1 0.149606;
24 1-seqq1 1 0.141732;
44 1-seqq1 1 0.133858;
96 1-seqq1 1 0.125984;
1256 1-seqq1 0;
