5.33333 1-seqq1 3 0.503937;
57.3333 1-seqq1 3 0.582677;
60 1-seqq1 3 0.606299;
5.33333 1-seqq1 3 0.677165;
40 1-seqq1 3 0.708661;
6.66667 1-seqq1 3 0.724409;
28 1-seqq1 3 0.76378;
38.6667 1-seqq1 3 0.787402;
5.33333 1-seqq1 3 0.795276;
30.6667 1-seqq1 3 0.818898;
162.667 1-seqq1 3 0.811024;
22.6667 1-seqq1 3 0.80315;
33.3333 1-seqq1 3 0.76378;
38.6667 1-seqq1 3 0.732283;
5.33333 1-seqq1 3 0.708661;
30.6667 1-seqq1 3 0.645669;
17.3333 1-seqq1 3 0.629921;
24 1-seqq1 3 0.598425;
42.6667 1-seqq1 3 0.535433;
0 1-seqq1 3 0.503937;
29.3333 1-seqq1 3 0.480315;
64 1-seqq1 3 0.417323;
12 1-seqq1 3 0.393701;
38.6667 1-seqq1 3 0.346457;
6.66667 1-seqq1 3 0.330709;
28 1-seqq1 3 0.314961;
21.3333 1-seqq1 3 0.267717;
34.6667 1-seqq1 3 0.251969;
12 1-seqq1 3 0.23622;
65.3333 1-seqq1 3 0.19685;
32 1-seqq1 3 0.181102;
28 1-seqq1 3 0.173228;
29.3333 1-seqq1 3 0.165354;
37.3333 1-seqq1 3 0.15748;
478.667 1-seqq1 2 0.314961;
26.6667 1-seqq1 2 0.291339;
28 1-seqq1 2 0.244094;
44 1-seqq1 2 0.141732;
5.33333 1-seqq1 2 0.102362;
18.6667 1-seqq1 2 0.0708661;
76 1-seqq1 2 0.00787402;
5.33333 1-seqq1 2 0;
254.667 1-seqq1 2 0.015748;
33.3333 1-seqq1 2 0.0551181;
28 1-seqq1 2 0.141732;
37.3333 1-seqq1 2 0.212598;
40 1-seqq1 2 0.385827;
42.6667 1-seqq1 2 0.417323;
0 1-seqq1 2 0.425197;
24 1-seqq1 2 0.448819;
37.3333 1-seqq1 2 0.456693;
8 1-seqq1 2 0.464567;
574.667 1-seqq1 1 0.543307;
26.6667 1-seqq1 1 0.519685;
89.3333 1-seqq1 1 0.503937;
5.33333 1-seqq1 1 0.472441;
5.33333 1-seqq1 1 0.456693;
6.66667 1-seqq1 1 0.440945;
86.6667 1-seqq1 1 0.377953;
10.6667 1-seqq1 1 0.362205;
12 1-seqq1 1 0.338583;
109.333 1-seqq1 1 0.299213;
5.33333 1-seqq1 1 0.275591;
6.66667 1-seqq1 1 0.251969;
5.33333 1-seqq1 1 0.212598;
0 1-seqq1 1 0.188976;
0 1-seqq1 1 0.181102;
101.333 1-seqq1 1 0.149606;
5.33333 1-seqq1 1 0.133858;
10.6667 1-seqq1 1 0.11811;
0 1-seqq1 1 0.110236;
6.66667 1-seqq1 1 0.102362;
116 1-seqq1 1 0.0944882;
5.33333 1-seqq1 1 0.0629921;
10.6667 1-seqq1 1 0.0551181;
0 1-seqq1 1 0.015748;
125.333 1-seqq1 1 0;
2926.67 1-seqq1 1 0.204724;
21.3333 1-seqq1 1 0.244094;
98.6667 1-seqq1 1 0.267717;
5.33333 1-seqq1 1 0.314961;
0 1-seqq1 1 0.330709;
101.333 1-seqq1 1 0.354331;
5.33333 1-seqq1 1 0.362205;
12 1-seqq1 1 0.409449;
96 1-seqq1 1 0.433071;
0 1-seqq1 1 0.472441;
21.3333 1-seqq1 1 0.496063;
0 1-seqq1 1 0.519685;
96 1-seqq1 1 0.527559;
0 1-seqq1 1 0.566929;
16 1-seqq1 1 0.582677;
0 1-seqq1 1 0.598425;
0 1-seqq1 1 0.653543;
117.333 1-seqq1 1 0.669291;
0 1-seqq1 1 0.685039;
20 1-seqq1 1 0.724409;
0 1-seqq1 1 0.740157;
0 1-seqq1 1 0.755906;
0 1-seqq1 1 0.771654;
113.333 1-seqq1 1 0.779528;
0 1-seqq1 1 0.787402;
21.3333 1-seqq1 1 0.811024;
0 1-seqq1 1 0.818898;
0 1-seqq1 1 0.826772;
120 1-seqq1 1 0.834646;
5.33333 1-seqq1 1 0.84252;
6.66667 1-seqq1 1 0.850394;
121.333 1-seqq1 1 0.858268;
1006.67 1-seqq1 1 0.84252;
20 1-seqq1 1 0.834646;
108 1-seqq1 1 0.826772;
5.33333 1-seqq1 1 0.795276;
5.33333 1-seqq1 1 0.787402;
97.3333 1-seqq1 1 0.76378;
0 1-seqq1 1 0.755906;
0 1-seqq1 1 0.748031;
5.33333 1-seqq1 1 0.724409;
114.667 1-seqq1 1 0.716535;
12 1-seqq1 1 0.708661;
0 1-seqq1 1 0.677165;
0 1-seqq1 1 0.669291;
0 1-seqq1 1 0.653543;
120 1-seqq1 1 0.606299;
5.33333 1-seqq1 1 0.598425;
5.33333 1-seqq1 1 0.582677;
124 1-seqq1 1 0.574803;
0 1-seqq1 1 0.566929;
122.667 1-seqq1 1 0.559055;
10.6667 1-seqq1 1 0.551181;
96 1-seqq1 1 0.543307;
9.33333 1-seqq1 1 0.527559;
97.3333 1-seqq1 1 0.519685;
1640 1-seqq1 1 0.637795;
20 1-seqq1 1 0.653543;
104 1-seqq1 1 0.677165;
0 1-seqq1 1 0.700787;
5.33333 1-seqq1 1 0.708661;
0 1-seqq1 1 0.716535;
101.333 1-seqq1 1 0.732283;
129.333 1-seqq1 1 0.716535;
92 1-seqq1 1 0.700787;
5.33333 1-seqq1 1 0.692913;
0 1-seqq1 1 0.677165;
105.333 1-seqq1 1 0.669291;
9.33333 1-seqq1 1 0.661417;
114.667 1-seqq1 1 0.653543;
5.33333 1-seqq1 1 0.637795;
5.33333 1-seqq1 1 0.622047;
6.66667 1-seqq1 1 0.614173;
98.6667 1-seqq1 1 0.606299;
9.33333 1-seqq1 1 0.598425;
0 1-seqq1 1 0.582677;
1.33333 1-seqq1 1 0.574803;
118.667 1-seqq1 1 0.566929;
5.33333 1-seqq1 1 0.559055;
5.33333 1-seqq1 1 0.551181;
122.667 1-seqq1 1 0.543307;
5.33333 1-seqq1 1 0.535433;
6.66667 1-seqq1 1 0.519685;
0 1-seqq1 1 0.511811;
109.333 1-seqq1 1 0.503937;
128 1-seqq1 1 0.511811;
9.33333 1-seqq1 1 0.535433;
5.33333 1-seqq1 1 0.551181;
6.66667 1-seqq1 1 0.598425;
97.3333 1-seqq1 1 0.606299;
5.33333 1-seqq1 1 0.622047;
5.33333 1-seqq1 1 0.645669;
0 1-seqq1 1 0.653543;
113.333 1-seqq1 1 0.661417;
5.33333 1-seqq1 1 0.677165;
5.33333 1-seqq1 1 0.685039;
5.33333 1-seqq1 1 0.708661;
0 1-seqq1 1 0.716535;
122.667 1-seqq1 1 0.724409;
5.33333 1-seqq1 1 0.732283;
5.33333 1-seqq1 1 0.740157;
6.66667 1-seqq1 1 0.755906;
121.333 1-seqq1 1 0.76378;
5.33333 1-seqq1 1 0.771654;
228 1-seqq1 1 0.76378;
5.33333 1-seqq1 1 0.716535;
4 1-seqq1 1 0.700787;
120 1-seqq1 1 0.685039;
5.33333 1-seqq1 1 0.653543;
5.33333 1-seqq1 1 0.645669;
0 1-seqq1 1 0.637795;
0 1-seqq1 1 0.629921;
96 1-seqq1 1 0.622047;
132 1-seqq1 1 0.614173;
5.33333 1-seqq1 1 0.606299;
1389.33 1-seqq1 1 0.614173;
25.3333 1-seqq1 1 0.622047;
98.6667 1-seqq1 1 0.629921;
0 1-seqq1 1 0.637795;
0 1-seqq1 1 0.653543;
109.333 1-seqq1 1 0.661417;
5.33333 1-seqq1 1 0.677165;
0 1-seqq1 1 0.716535;
0 1-seqq1 1 0.740157;
5.33333 1-seqq1 1 0.755906;
113.333 1-seqq1 1 0.795276;
10.6667 1-seqq1 1 0.80315;
0 1-seqq1 1 0.818898;
5.33333 1-seqq1 1 0.834646;
130.667 1-seqq1 1 0.850394;
5.33333 1-seqq1 1 0.858268;
5.33333 1-seqq1 1 0.874016;
110.667 1-seqq1 1 0.889764;
132 1-seqq1 1 0.88189;
0 1-seqq1 1 0.826772;
0 1-seqq1 1 0.80315;
20 1-seqq1 1 0.795276;
120 1-seqq1 1 0.755906;
9.33333 1-seqq1 1 0.740157;
5.33333 1-seqq1 1 0.724409;
6.66667 1-seqq1 1 0.708661;
0 1-seqq1 1 0.685039;
6.66667 1-seqq1 1 0.677165;
90.6667 1-seqq1 1 0.661417;
4 1-seqq1 1 0.645669;
13.3333 1-seqq1 1 0.622047;
5.33333 1-seqq1 1 0.598425;
125.333 1-seqq1 1 0.566929;
9.33333 1-seqq1 1 0.488189;
5.33333 1-seqq1 1 0.464567;
6.66667 1-seqq1 1 0.448819;
0 1-seqq1 1 0.409449;
0 1-seqq1 1 0.393701;
122.667 1-seqq1 1 0.377953;
0 1-seqq1 1 0.354331;
16 1-seqq1 1 0.346457;
0 1-seqq1 1 0.338583;
130.667 1-seqq1 1 0.307087;
5.33333 1-seqq1 1 0.299213;
5.33333 1-seqq1 1 0.291339;
5.33333 1-seqq1 1 0.283465;
128 1-seqq1 1 0.275591;
5.33333 1-seqq1 1 0.283465;
12 1-seqq1 1 0.314961;
110.667 1-seqq1 1 0.338583;
5.33333 1-seqq1 1 0.362205;
0 1-seqq1 1 0.440945;
5.33333 1-seqq1 1 0.448819;
125.333 1-seqq1 1 0.472441;
0 1-seqq1 1 0.496063;
0 1-seqq1 1 0.511811;
21.3333 1-seqq1 1 0.527559;
0 1-seqq1 1 0.566929;
117.333 1-seqq1 1 0.574803;
0 1-seqq1 1 0.590551;
17.3333 1-seqq1 1 0.622047;
0 1-seqq1 1 0.629921;
6.66667 1-seqq1 1 0.645669;
126.667 1-seqq1 1 0.700787;
5.33333 1-seqq1 1 0.716535;
5.33333 1-seqq1 1 0.732283;
6.66667 1-seqq1 1 0.755906;
0 1-seqq1 1 0.76378;
124 1-seqq1 1 0.787402;
5.33333 1-seqq1 1 0.795276;
5.33333 1-seqq1 1 0.811024;
0 1-seqq1 1 0.818898;
132 1-seqq1 1 0.826772;
0 1-seqq1 1 0.834646;
5.33333 1-seqq1 1 0.84252;
114.667 1-seqq1 1 0.834646;
10.6667 1-seqq1 1 0.811024;
0 1-seqq1 1 0.795276;
130.667 1-seqq1 1 0.771654;
5.33333 1-seqq1 1 0.732283;
5.33333 1-seqq1 1 0.708661;
6.66667 1-seqq1 1 0.685039;
0 1-seqq1 1 0.669291;
5.33333 1-seqq1 1 0.629921;
105.333 1-seqq1 1 0.614173;
5.33333 1-seqq1 1 0.598425;
5.33333 1-seqq1 1 0.582677;
6.66667 1-seqq1 1 0.535433;
5.33333 1-seqq1 1 0.511811;
124 1-seqq1 1 0.488189;
12 1-seqq1 1 0.440945;
0 1-seqq1 1 0.433071;
5.33333 1-seqq1 1 0.417323;
12 1-seqq1 1 0.409449;
117.333 1-seqq1 1 0.401575;
4 1-seqq1 1 0.393701;
0 1-seqq1 1 0.385827;
0 1-seqq1 1 0.362205;
25.3333 1-seqq1 1 0.354331;
0 1-seqq1 1 0.346457;
117.333 1-seqq1 1 0.338583;
12 1-seqq1 1 0.330709;
0 1-seqq1 1 0.322835;
3794.67 1-seqq1 0;
