0 length 7940;
0 note 63 47;
142 note 63 0;
142 note 63 0;
811 knob2 0;
911 note 74 30;
911 note 74 30;
1110 note 74 0;
1110 note 74 0;
1352 note 67 41;
1352 note 67 41;
1442 knob2 0.023622;
1457 knob2 0.0866142;
1476 knob2 0.133858;
1495 knob2 0.188976;
1510 knob2 0.370079;
1530 knob2 0.425197;
1550 knob2 0.456693;
1553 note 67 0;
1553 note 67 0;
1572 knob2 0.527559;
1579 note 72 3;
1579 note 72 3;
1581 knob2 0.551181;
1602 knob2 0.566929;
1620 knob2 0.598425;
1636 knob2 0.614173;
1653 knob2 0.622047;
1680 knob2 0.653543;
1689 knob2 0.661417;
1708 knob2 0.669291;
1726 knob2 0.677165;
1745 knob2 0.692913;
1784 knob2 0.700787;
1797 note 71 35;
1797 note 71 35;
1797 note 72 0;
1797 note 72 0;
1799 knob2 0.708661;
1819 knob2 0.716535;
1872 knob2 0.724409;
2152 note 71 0;
2152 note 71 0;
2272 note 69 43;
2272 note 69 43;
2443 knob3 0.307087;
2459 knob3 0.275591;
2477 knob3 0.259843;
2502 knob3 0.251969;
2513 knob3 0.23622;
2530 knob3 0.228346;
2533 note 69 0;
2533 note 69 0;
2549 knob3 0.220472;
2572 knob3 0.204724;
2584 knob3 0.19685;
2624 knob3 0.188976;
2651 knob3 0.173228;
2690 knob3 0.149606;
2738 note 65 38;
2738 note 65 38;
2741 knob3 0.141732;
2760 knob3 0.133858;
2775 knob3 0.125984;
2803 knob3 0.11811;
2845 knob3 0.110236;
2882 knob3 0.102362;
2911 knob3 0.0944882;
2936 knob3 0.0866142;
2964 note 67 5;
2964 note 67 5;
2986 knob3 0.0787402;
2998 note 65 0;
2998 note 65 0;
3178 note 67 0;
3178 note 67 0;
3201 note 64 47;
3201 note 64 47;
3450 note 64 0;
3450 note 64 0;
3508 knob2 0.677165;
3564 knob2 0.645669;
3584 knob2 0.637795;
3596 knob2 0.629921;
3620 knob2 0.614173;
3628 note 62 45;
3628 note 62 45;
3656 knob2 0.606299;
3659 knob2 0.598425;
3659 knob2 0.582677;
3684 knob2 0.566929;
3711 knob2 0.543307;
3743 knob2 0.527559;
3747 knob2 0.519685;
3765 knob2 0.496063;
3797 knob2 0.488189;
3825 knob2 0.480315;
3848 note 62 0;
3848 note 62 0;
3850 knob2 0.472441;
3859 knob2 0.464567;
3931 knob2 0.456693;
3986 knob2 0.440945;
4003 note 63 47;
4040 knob2 0.425197;
4059 knob2 0.417323;
4091 knob2 0.409449;
4107 knob2 0.401575;
4126 knob2 0.393701;
4146 note 63 0;
4146 note 63 0;
4149 knob2 0.385827;
4198 knob2 0.377953;
4256 knob2 0.370079;
4268 knob2 0.362205;
4322 knob2 0.354331;
4388 knob2 0.346457;
4422 knob2 0.338583;
4915 note 74 30;
4915 note 74 30;
5114 note 74 0;
5114 note 74 0;
5356 note 67 41;
5356 note 67 41;
5557 note 67 0;
5557 note 67 0;
5583 note 72 3;
5583 note 72 3;
5801 note 71 35;
5801 note 71 35;
5801 note 72 0;
5801 note 72 0;
5853 knob4 0.204724;
5868 knob4 0.220472;
5884 knob4 0.244094;
5905 knob4 0.283465;
5938 knob4 0.291339;
5940 knob4 0.314961;
5965 knob4 0.354331;
5976 knob4 0.370079;
5993 knob4 0.385827;
6028 knob4 0.409449;
6032 knob4 0.417323;
6053 knob4 0.433071;
6068 knob4 0.448819;
6112 knob4 0.456693;
6141 knob4 0.464567;
6156 note 71 0;
6156 note 71 0;
6175 knob4 0.472441;
6276 note 69 43;
6276 note 69 43;
6489 knob4 0.480315;
6537 note 69 0;
6537 note 69 0;
6742 note 65 38;
6742 note 65 38;
6968 note 67 5;
6968 note 67 5;
7002 note 65 0;
7002 note 65 0;
7182 note 67 0;
7182 note 67 0;
7205 note 64 47;
7205 note 64 47;
7454 note 64 0;
7454 note 64 0;
7632 note 62 45;
7632 note 62 45;
7852 note 62 0;
7852 note 62 0;
